100
11 36 0.384927
22 4 0.933152
13 42 0.102748
39 3 0.785407
6 28 0.698934
0 14 0.069388
25 9 0.203145
33 11 0.870309
23 31 0.502901
18 41 0.168306
46 6 0.409252
1 48 0.717984
20 0 0.643935
30 38 0.591360
45 28 0.881257
32 19 0.047892
3 29 0.015306
27 44 0.531095
5 24 0.112803
15 10 0.650879
43 12 0.976360
2 35 0.213996
17 31 0.933912
34 7 0.509179
29 40 0.816428
47 33 0.023566
16 25 0.133247
6 26 0.303141
8 20 0.989222
12 15 0.573204
44 23 0.259998
49 18 0.327450
7 17 0.780334
26 39 0.319819
9 2 0.145361
40 8 0.264558
21 10 0.392925
38 5 0.892203
19 45 0.028786
4 32 0.958004
31 34 0.837007
10 1 0.349998
41 21 0.429348
0 6 0.174180
14 22 0.554839
13 43 0.407089
36 47 0.803505
20 16 0.922866
42 38 0.998938
28 27 0.139799
24 49 0.228275
37 19 0.359158
30 7 0.964380
5 37 0.925638
35 26 0.248799
48 17 0.106065
2 12 0.403298
46 3 0.352309
39 0 0.894774
29 36 0.737643
1 31 0.457181
10 14 0.208366
22 8 0.649756
7 24 0.730701
17 42 0.981390
25 35 0.163589
32 5 0.961390
9 15 0.313270
19 47 0.115122
11 34 0.558661
6 20 0.648519
3 33 0.274005
28 2 0.969002
43 40 0.591249
12 41 0.873700
45 37 0.798285
4 13 0.181802
44 10 0.036872
26 1 0.728779
0 9 0.801255
27 11 0.318605
8 29 0.410066
30 6 0.777555
31 21 0.769240
18 38 0.980174
16 19 0.516316
35 23 0.151024
38 15 0.041235
20 7 0.382091
14 39 0.701684
24 22 0.936785
40 33 0.497901
36 25 0.992893
42 34 0.416322
2 5 0.869117
21 30 0.579478
15 32 0.393172
49 28 0.321702
37 12 0.278238
23 13 0.254806
3 45 0.621335
18 20 0.248786
9 46 0.124618
33 5 0.739243
21 24 0.173382
0 23 0.858870
4 44 0.676092
11 39 0.325667
8 3 0.431729
12 40 0.584667
2 10 0.234870
25 38 0.498183
47 16 0.104139
17 6 0.937741
15 8 0.768038
28 43 0.563781
31 0 0.684293
41 14 0.312919
10 17 0.949215
48 1 0.268291
6 33 0.504832
36 29 0.616387
34 11 0.751498
26 18 0.895212
13 2 0.030738
22 19 0.941507
37 7 0.193364
19 35 0.334761
30 4 0.147243
7 48 0.862208
