50
1403 190 21
684 1049 9
841 948 34
85 636 31
1440 504 28
672 881 32
1428 277 62
524 10 92
336 562 6
974 124 98
168 529 4
1913 652 24
330 326 43
1913 64 38
1028 889 25
1789 812 17
664 414 59
589 505 72
961 464 4
603 726 55
944 690 36
1059 737 61
343 899 21
380 955 20
596 831 28
1132 230 68
1831 3 24
1206 429 93
1873 350 92
1879 789 76
1348 179 38
549 359 75
937 752 29
1316 691 84
971 566 40
126 853 39
1321 535 30
881 391 79
1363 462 44
1902 1029 90
1305 231 70
1002 27 78
789 785 86
936 47 78
148 143 64
652 647 80
343 848 25
1547 631 47
1187 577 28
653 873 80